These are results from process-argus.py
    - Decision Tree Classifier
    - 10-Fold Cross Validation
    - Using the 6-attack-type dataset created from 6 different Mirai attack types

Results for Fold # 1
TRAIN: [ 104681  104682  104683 ..., 1046807 1046808 1046809]    TEST: [     0      1      2 ..., 104678 104679 104680]
Accuracy Score:  1.0
[[19304     0     0     0     0     0]
 [    0 22676     0     0     0     0]
 [    0     0 19774     0     0     0]
 [    0     0     0 19419     0     0]
 [    0     0     0     0 17087     0]
 [    0     0     0     0     0  6421]]

Results for Fold # 2
TRAIN: [      0       1       2 ..., 1046807 1046808 1046809]    TEST: [104681 104682 104683 ..., 209359 209360 209361]
Accuracy Score:  1.0
[[19386     0     0     0     0     0]
 [    0 22604     0     0     0     0]
 [    0     0 20041     0     0     0]
 [    0     0     0 19293     0     0]
 [    0     0     0     0 16967     0]
 [    0     0     0     0     0  6390]]

Results for Fold # 3
TRAIN: [      0       1       2 ..., 1046807 1046808 1046809]    TEST: [209362 209363 209364 ..., 314040 314041 314042]
Accuracy Score:  1.0
[[19300     0     0     0     0     0]
 [    0 22696     0     0     0     0]
 [    0     0 20055     0     0     0]
 [    0     0     0 19433     0     0]
 [    0     0     0     0 17084     0]
 [    0     0     0     0     0  6113]]

Results for Fold # 4
TRAIN: [      0       1       2 ..., 1046807 1046808 1046809]    TEST: [314043 314044 314045 ..., 418721 418722 418723]
Accuracy Score:  1.0
[[19420     0     0     0     0     0]
 [    0 23018     0     0     0     0]
 [    0     0 19781     0     0     0]
 [    0     0     0 19153     0     0]
 [    0     0     0     0 16971     0]
 [    0     0     0     0     0  6338]]

Results for Fold # 5
TRAIN: [      0       1       2 ..., 1046807 1046808 1046809]    TEST: [418724 418725 418726 ..., 523402 523403 523404]
Accuracy Score:  0.999990447168
[[19333     0     0     0     0     0]
 [    0 22829     0     0     0     0]
 [    0     0 19766     0     1     0]
 [    0     0     0 19190     0     0]
 [    0     0     0     0 17158     0]
 [    0     0     0     0     0  6404]]

Results for Fold # 6
TRAIN: [      0       1       2 ..., 1046807 1046808 1046809]    TEST: [523405 523406 523407 ..., 628083 628084 628085]
Accuracy Score:  1.0
[[19337     0     0     0     0     0]
 [    0 22937     0     0     0     0]
 [    0     0 19730     0     0     0]
 [    0     0     0 19347     0     0]
 [    0     0     0     0 16903     0]
 [    0     0     0     0     0  6427]]

Results for Fold # 7
TRAIN: [      0       1       2 ..., 1046807 1046808 1046809]    TEST: [628086 628087 628088 ..., 732764 732765 732766]
Accuracy Score:  1.0
[[19661     0     0     0     0     0]
 [    0 22823     0     0     0     0]
 [    0     0 19749     0     0     0]
 [    0     0     0 19277     0     0]
 [    0     0     0     0 16857     0]
 [    0     0     0     0     0  6314]]

Results for Fold # 8
TRAIN: [      0       1       2 ..., 1046807 1046808 1046809]    TEST: [732767 732768 732769 ..., 837445 837446 837447]
Accuracy Score:  1.0
[[19274     0     0     0     0     0]
 [    0 22523     0     0     0     0]
 [    0     0 19788     0     0     0]
 [    0     0     0 19425     0     0]
 [    0     0     0     0 17274     0]
 [    0     0     0     0     0  6397]]

Results for Fold # 9
TRAIN: [      0       1       2 ..., 1046807 1046808 1046809]    TEST: [837448 837449 837450 ..., 942126 942127 942128]
Accuracy Score:  0.999980894336
[[19374     0     0     0     0     0]
 [    0 22787     0     0     0     0]
 [    0     0 19907     0     0     0]
 [    0     0     0 19157     0     0]
 [    0     0     1     0 17002     0]
 [    0     0     1     0     0  6452]]

Results for Fold # 10
TRAIN: [     0      1      2 ..., 942126 942127 942128]    TEST: [ 942129  942130  942131 ..., 1046807 1046808 1046809]
Accuracy Score:  0.999980894336
[[19395     0     0     0     0     1]
 [    0 22631     0     0     0     0]
 [    0     0 19801     0     0     0]
 [    0     0     0 19344     1     0]
 [    0     0     0     0 17102     0]
 [    0     0     0     0     0  6406]]
