Results for Training/Test Split - 800/remaining
---------------------------------------------

Accuracy Score:  0.999987571547
[[   100      1      0      0      0      0      0      0]
 [     3   3870      0      0      0      3      0      0]
 [     0      1 192984      0      0      0      0      0]
 [     0      0      0 226724      0      0      0      0]
 [     0      1      0      0 197592      0      0      0]
 [     0      2      0      0      0 192237      0      0]
 [     0      1      0      0      0      0 169605      0]
 [     0      1      0      0      0      0      0  62862]]